18 
58 
58 
98 
22 
90 
50 
93 
44 
55 
64 
14 
68 
15 
10 
94 
58 
33 
6 
84 
82 
26 
42 
29 
39 
98 
26 
22 
18 
24 
44 
47 
80 
52 
26 
51 
59 
71 
35 
48 
20 
83 
81 
15 
23 
0 
77 
50 
18 
99 
72 
20 
24 
21 
3 
85 
30 
57 
81 
49 
16 
79 
70 
96 
6 
77 
31 
91 
79 
99 
64 
91 
37 
88 
75 
43 
67 
87 
43 
69 
46 
61 
51 
97 
7 
12 
38 
83 
55 
32 
30 
90 
91 
55 
98 
65 
63 
74 
32 
18 
7 
86 
74 
41 
21 
6 
96 
35 
90 
89 
15 
91 
6 
100 
76 
28 
39 
67 
79 
27 
83 
95 
93 
72 
45 
42 
58 
1 
88 
14 
60 
24 
67 
15 
92 
76 
26 
5 
49 
92 
13 
51 
86 
91 
19 
79 
84 
82 
61 
69 
4 
89 
56 
20 
6 
60 
96 
6 
25 
31 
20 
12 
4 
17 
27 
82 
11 
15 
32 
8 
88 
93 
51 
4 
69 
54 
60 
57 
43 
89 
58 
67 
24 
77 
74 
32 
53 
18 
26 
52 
9 
76 
34 
51 
33 
90 
12 
24 
29 
6 
49 
34 
0 
34 
38 
4 
3 
71 
37 
29 
51 
1 
83 
10 
28 
38 
82 
82 
92 
80 
2 
11 
74 
45 
41 
86 
56 
4 
93 
98 
23 
10 
2 
88 
79 
45 
70 
18 
20 
89 
0 
87 
94 
1 
90 
40 
64 
50 
22 
48 
48 
93 
57 
25 
27 
20 
76 
73 
70 
34 
9 
80 
58 
81 
95 
17 
55 
74 
74 
64 
14 
83 
38 
16 
14 
74 
78 
28 
6 
50 
58 
55 
90 
44 
11 
8 
5 
56 
53 
2 
72 
19 
61 
13 
88 
11 
37 
80 
86 
12 
71 
72 
18 
17 
97 
70 
74 
18 
21 
45 
94 
72 
48 
91 
93 
13 
82 
62 
41 
14 
86 
100 
60 
36 
29 
94 
98 
99 
44 
29 
4 
1 
28 
64 
14 
70 
11 
16 
60 
80 
6 
94 
61 
44 
65 
61 
26 
63 
6 
85 
64 
75 
32 
3 
77 
67 
67 
98 
13 
88 
23 
5 
74 
90 
29 
59 
88 
1 
14 
28 
46 
41 
15 
80 
38 
13 
39 
39 
89 
56 
79 
24 
41 
11 
20 
43 
76 
98 
82 
79 
19 
24 
91 
54 
10 
11 
40 
77 
26 
40 
34 
19 
85 
14 
56 
96 
2 
26 
66 
20 
60 
95 
76 
84 
5 
69 
56 
44 
0 
10 
63 
7 
54 
48 
19 
24 
55 
23 
26 
34 
32 
27 
37 
51 
50 
33 
42 
3 
93 
34 
30 
66 
22 
6 
84 
53 
11 
92 
45 
15 
21 
100 
78 
60 
47 
27 
99 
84 
66 
30 
51 
2 
59 
43 
5 
33 
63 
76 
6 
9 
45 
5 
83 
33 
99 
74 
58 
73 
79 
92 
36 
68 
50 
46 
41 
20 
16 
94 
23 
43 
63 
99 
51 
79 
52 
31 
97 
63 
95 
12 
67 
27 
22 
9 
31 
10 
2 
78 
35 
61 
28 
42 
52 
88 
5 
76 
34 
60 
44 
88 
43 
91 
89 
9 
65 
36 
78 
95 
20 
47 
39 
29 
51 
55 
5 
0 
34 
10 
68 
92 
96 
89 
12 
35 
80 
54 
61 
68 
35 
94 
98 
80 
70 
87 
5 
63 
87 
80 
39 
23 
11 
11 
97 
62 
78 
83 
80 
26 
67 
10 
43 
78 
90 
19 
51 
64 
5 
50 
42 
52 
22 
72 
55 
31 
87 
95 
77 
87 
10 
57 
47 
0 
36 
54 
1 
57 
91 
76 
36 
25 
57 
62 
81 
91 
67 
16 
60 
18 
26 
82 
36 
49 
1 
3 
51 
14 
98 
81 
100 
93 
73 
31 
18 
97 
96 
30 
60 
22 
52 
39 
37 
67 
49 
49 
49 
73 
91 
99 
86 
60 
14 
71 
73 
99 
17 
4 
65 
95 
7 
2 
65 
54 
49 
48 
28 
2 
14 
9 
28 
85 
48 
34 
39 
66 
94 
20 
78 
61 
78 
96 
70 
46 
85 
44 
44 
52 
35 
9 
54 
29 
49 
0 
37 
69 
4 
81 
47 
97 
90 
84 
86 
61 
52 
32 
56 
17 
89 
63 
79 
97 
76 
45 
37 
1 
9 
50 
15 
66 
51 
26 
84 
20 
34 
6 
5 
90 
11 
67 
88 
96 
57 
44 
3 
44 
75 
86 
25 
83 
42 
95 
31 
73 
37 
66 
79 
36 
40 
82 
41 
40 
33 
13 
20 
85 
39 
56 
64 
81 
29 
29 
30 
43 
18 
50 
60 
59 
18 
51 
45 
84 
22 
92 
81 
31 
79 
29 
91 
36 
36 
62 
38 
71 
81 
75 
35 
74 
43 
3 
48 
79 
49 
71 
54 
61 
36 
66 
52 
92 
94 
3 
90 
67 
51 
93 
18 
42 
76 
35 
44 
47 
54 
15 
74 
23 
94 
16 
90 
15 
10 
59 
19 
25 
21 
7 
71 
91 
97 
70 
61 
58 
90 
81 
75 
39 
9 
50 
12 
42 
63 
82 
56 
58 
96 
74 
37 
70 
93 
72 
5 
72 
99 
93 
18 
8 
3 
95 
58 
73 
10 
94 
40 
2 
73 
4 
86 
69 
70 
95 
13 
67 
99 
12 
11 
44 
55 
92 
70 
13 
37 
0 
78 
43 
2 
58 
96 
23 
93 
6 
90 
97 
53 
7 
94 
82 
83 
94 
69 
80 
70 
43 
97 
33 
95 
95 
63 
11 
6 
93 
58 
61 
78 
85 
32 
90 
29 
49 
4 
70 
50 
96 
72 
1 
13 
35 
23 
88 
49 
0 
23 
53 
20 
85 
72 
27 
39 
28 
9 
18 
80 
65 
7 
70 
42 
100 
12 
75 
90 
74 
36 
79 
82 
95 
24 
12 
88 
51 
74 
42 
98 
6 
44 
51 
4 
86 
64 
76 
87 
93 
100 
89 
40 
28 
95 
43 
94 
38 
71 
21 
8 
70 
82 
59 
48 
14 
0 
4 
42 
85 
93 
91 
67 
34 
71 
98 
96 
82 
66 
93 
82 
65 
70 
21 
58 
6 
86 
21 
12 
73 
2 
47 
