18 
58 
58 
98 
22 
90 
50 
93 
44 
55 
64 
14 
68 
15 
10 
94 
58 
33 
6 
84 
82 
26 
42 
29 
39 
98 
26 
22 
18 
24 
44 
47 
80 
52 
26 
51 
59 
71 
35 
48 
20 
83 
81 
15 
23 
0 
77 
50 
18 
99 
72 
20 
24 
21 
3 
85 
30 
57 
81 
49 
16 
79 
70 
96 
6 
77 
31 
91 
79 
99 
64 
91 
37 
88 
75 
43 
67 
87 
43 
69 
46 
61 
51 
97 
7 
12 
38 
83 
55 
32 
30 
90 
91 
55 
98 
65 
63 
74 
32 
18 
7 
86 
74 
41 
21 
6 
96 
35 
90 
89 
15 
91 
6 
100 
76 
28 
39 
67 
79 
27 
83 
95 
93 
72 
45 
42 
58 
1 
88 
14 
60 
24 
67 
15 
92 
76 
26 
5 
49 
92 
13 
51 
86 
91 
19 
79 
84 
82 
61 
69 
4 
89 
56 
20 
6 
60 
96 
6 
25 
31 
20 
12 
4 
17 
27 
82 
11 
15 
32 
8 
88 
93 
51 
4 
69 
54 
60 
57 
43 
89 
58 
67 
24 
77 
74 
32 
53 
18 
26 
52 
9 
76 
34 
51 
33 
90 
12 
24 
29 
6 
49 
34 
0 
34 
38 
4 
3 
71 
37 
29 
51 
1 
83 
10 
28 
38 
82 
82 
92 
80 
2 
11 
74 
45 
41 
86 
56 
4 
93 
98 
23 
10 
2 
88 
79 
45 
70 
18 
20 
89 
0 
87 
94 
1 
90 
40 
64 
50 
22 
48 
48 
93 
57 
25 
27 
20 
76 
73 
70 
34 
9 
80 
58 
81 
95 
17 
55 
74 
74 
64 
14 
83 
38 
16 
14 
74 
78 
28 
6 
50 
58 
55 
90 
44 
11 
8 
5 
56 
53 
2 
72 
19 
61 
13 
88 
11 
37 
80 
86 
12 
71 
72 
18 
17 
97 
70 
74 
18 
21 
45 
94 
72 
48 
91 
93 
13 
82 
62 
41 
14 
86 
100 
60 
36 
29 
94 
98 
99 
44 
29 
4 
1 
28 
64 
14 
70 
11 
16 
60 
80 
6 
94 
61 
44 
65 
61 
26 
63 
6 
85 
64 
75 
32 
3 
77 
67 
67 
98 
13 
88 
23 
5 
74 
90 
29 
59 
88 
1 
14 
28 
46 
41 
15 
80 
38 
13 
39 
39 
89 
56 
79 
24 
41 
11 
20 
43 
76 
98 
82 
79 
19 
24 
91 
54 
10 
11 
40 
77 
26 
40 
34 
19 
85 
14 
56 
96 
2 
26 
66 
20 
60 
95 
76 
84 
5 
69 
56 
44 
0 
10 
63 
7 
54 
48 
19 
24 
55 
23 
26 
34 
32 
27 
37 
51 
50 
33 
42 
3 
93 
34 
30 
66 
22 
6 
84 
53 
11 
92 
45 
15 
21 
100 
78 
60 
47 
27 
99 
84 
66 
30 
51 
2 
59 
43 
5 
33 
63 
76 
6 
9 
45 
5 
83 
33 
99 
74 
58 
73 
79 
92 
36 
68 
50 
46 
41 
20 
16 
94 
23 
43 
63 
99 
51 
79 
52 
31 
97 
63 
95 
12 
67 
27 
22 
9 
31 
10 
2 
78 
35 
61 
28 
42 
52 
88 
5 
76 
34 
60 
44 
88 
43 
91 
89 
9 
65 
36 
78 
95 
20 
47 
39 
29 
51 
55 
5 
0 
34 
10 
68 
92 
96 
89 
12 
35 
80 
54 
61 
68 
35 
94 
98 
80 
70 
87 
5 
63 
87 
80 
39 
23 
11 
11 
97 
62 
78 
83 
80 
26 
67 
10 
43 
78 
90 
19 
51 
64 
5 
50 
42 
52 
22 
72 
55 
31 
87 
95 
77 
87 
10 
57 
47 
0 
36 
54 
1 
57 
91 
76 
36 
25 
57 
62 
81 
91 
67 
16 
60 
18 
26 
82 
36 
49 
1 
3 
51 
14 
98 
81 
100 
93 
73 
31 
18 
97 
96 
30 
60 
22 
52 
39 
37 
67 
49 
49 
49 
73 
91 
99 
86 
60 
14 
71 
73 
99 
17 
4 
65 
95 
7 
2 
65 
54 
49 
48 
28 
2 
14 
9 
28 
85 
48 
34 
39 
66 
94 
20 
78 
61 
78 
96 
70 
46 
85 
44 
44 
52 
35 
9 
54 
29 
49 
0 
37 
69 
4 
81 
47 
97 
90 
84 
86 
61 
52 
32 
56 
17 
89 
63 
79 
97 
76 
45 
37 
1 
9 
50 
15 
66 
51 
26 
84 
20 
34 
6 
5 
90 
11 
67 
88 
96 
57 
44 
3 
44 
75 
86 
25 
83 
42 
95 
31 
73 
37 
66 
79 
36 
40 
82 
41 
40 
33 
13 
20 
85 
39 
56 
64 
81 
29 
29 
30 
43 
18 
50 
60 
59 
18 
51 
45 
84 
22 
92 
81 
31 
79 
29 
91 
36 
36 
62 
38 
71 
81 
75 
35 
74 
43 
3 
48 
79 
49 
71 
54 
61 
36 
66 
52 
92 
94 
3 
90 
67 
51 
93 
18 
42 
76 
35 
44 
47 
54 
15 
74 
23 
94 
16 
90 
15 
10 
59 
19 
25 
21 
7 
71 
91 
97 
70 
61 
58 
90 
81 
75 
39 
9 
50 
12 
42 
63 
82 
56 
58 
96 
74 
37 
70 
93 
72 
5 
72 
99 
93 
18 
8 
3 
95 
58 
73 
10 
94 
40 
2 
73 
4 
86 
69 
70 
95 
13 
67 
99 
12 
11 
44 
55 
92 
70 
13 
37 
0 
78 
43 
2 
58 
96 
23 
93 
6 
90 
97 
53 
7 
94 
82 
83 
94 
69 
80 
70 
43 
97 
33 
95 
95 
63 
11 
6 
93 
58 
61 
78 
85 
32 
90 
29 
49 
4 
70 
50 
96 
72 
1 
13 
35 
23 
88 
49 
0 
23 
53 
20 
85 
72 
27 
39 
28 
9 
18 
80 
65 
7 
70 
42 
100 
12 
75 
90 
74 
36 
79 
82 
95 
24 
12 
88 
51 
74 
42 
98 
6 
44 
51 
4 
86 
64 
76 
87 
93 
100 
89 
40 
28 
95 
43 
94 
38 
71 
21 
8 
70 
82 
59 
48 
14 
0 
4 
42 
85 
93 
91 
67 
34 
71 
98 
96 
82 
66 
93 
82 
65 
70 
21 
58 
6 
86 
21 
12 
73 
2 
47 
71 
3 
38 
67 
62 
88 
24 
80 
7 
46 
28 
91 
94 
27 
57 
13 
14 
58 
80 
4 
62 
20 
100 
54 
59 
56 
89 
54 
62 
75 
96 
86 
32 
86 
63 
8 
32 
47 
49 
24 
13 
69 
26 
9 
87 
66 
3 
42 
24 
6 
77 
51 
63 
80 
66 
5 
33 
97 
45 
75 
46 
10 
10 
4 
40 
84 
22 
61 
1 
72 
62 
35 
12 
84 
86 
56 
2 
80 
48 
25 
68 
8 
81 
36 
19 
76 
13 
94 
77 
90 
57 
79 
31 
0 
71 
81 
89 
12 
74 
40 
77 
1 
55 
23 
87 
87 
37 
96 
88 
30 
75 
4 
34 
49 
40 
2 
23 
37 
44 
37 
88 
73 
33 
62 
51 
82 
46 
16 
65 
10 
31 
92 
41 
54 
62 
82 
12 
1 
22 
80 
18 
69 
22 
8 
4 
30 
13 
79 
90 
87 
50 
66 
61 
95 
77 
70 
36 
86 
93 
63 
16 
83 
48 
50 
67 
12 
80 
3 
26 
38 
52 
21 
9 
46 
49 
24 
30 
95 
42 
20 
77 
24 
41 
80 
38 
21 
40 
53 
58 
15 
57 
62 
51 
53 
21 
24 
60 
8 
44 
26 
95 
53 
62 
63 
82 
16 
74 
6 
69 
69 
97 
69 
33 
66 
78 
91 
0 
84 
23 
94 
64 
65 
77 
100 
67 
84 
71 
86 
99 
10 
16 
1 
56 
85 
91 
36 
56 
75 
56 
40 
28 
34 
74 
38 
33 
18 
95 
76 
74 
91 
90 
67 
11 
30 
90 
13 
48 
76 
93 
18 
14 
17 
71 
59 
22 
81 
37 
14 
34 
36 
6 
22 
69 
67 
89 
9 
77 
94 
90 
71 
85 
28 
71 
95 
52 
67 
97 
45 
11 
68 
34 
30 
71 
50 
58 
64 
80 
72 
63 
13 
1 
21 
0 
32 
85 
31 
82 
31 
2 
45 
24 
80 
41 
15 
6 
95 
35 
23 
80 
58 
60 
74 
30 
39 
23 
13 
26 
9 
98 
24 
88 
27 
38 
21 
31 
57 
21 
4 
79 
11 
100 
12 
27 
60 
52 
7 
37 
97 
70 
99 
24 
76 
13 
28 
6 
61 
5 
5 
77 
56 
60 
76 
91 
27 
60 
6 
17 
20 
70 
24 
25 
99 
39 
18 
11 
12 
67 
41 
98 
56 
51 
96 
94 
91 
41 
97 
71 
29 
66 
78 
29 
52 
84 
100 
49 
11 
93 
64 
87 
54 
41 
28 
6 
44 
67 
93 
21 
26 
65 
27 
4 
5 
13 
55 
35 
84 
88 
26 
23 
8 
94 
64 
34 
35 
86 
25 
6 
37 
98 
83 
26 
14 
83 
58 
1 
84 
78 
51 
61 
3 
66 
38 
32 
43 
89 
5 
53 
98 
55 
17 
59 
42 
37 
90 
35 
71 
47 
4 
80 
36 
85 
38 
48 
82 
65 
58 
1 
23 
56 
46 
59 
38 
18 
56 
72 
14 
18 
98 
48 
37 
16 
32 
45 
72 
11 
16 
72 
4 
76 
17 
89 
39 
94 
14 
55 
51 
25 
94 
55 
30 
4 
24 
32 
82 
14 
13 
40 
74 
61 
98 
64 
36 
11 
72 
78 
13 
33 
35 
95 
88 
69 
38 
11 
35 
8 
30 
3 
4 
6 
85 
42 
28 
50 
35 
87 
80 
26 
78 
74 
87 
76 
64 
7 
7 
97 
98 
66 
25 
38 
89 
73 
71 
61 
95 
75 
36 
100 
18 
98 
93 
54 
62 
89 
41 
32 
39 
5 
97 
98 
82 
100 
31 
13 
62 
15 
44 
36 
11 
7 
47 
81 
28 
62 
92 
23 
73 
23 
54 
33 
55 
88 
2 
7 
7 
34 
49 
77 
5 
28 
88 
72 
6 
98 
97 
49 
86 
46 
21 
73 
15 
31 
6 
82 
96 
65 
90 
34 
74 
77 
93 
78 
93 
8 
93 
98 
11 
29 
61 
34 
50 
63 
6 
28 
93 
40 
31 
35 
86 
40 
31 
99 
44 
70 
56 
6 
63 
80 
54 
57 
46 
97 
45 
42 
86 
79 
95 
22 
88 
59 
73 
92 
87 
24 
82 
38 
61 
40 
32 
88 
5 
87 
93 
19 
38 
18 
44 
93 
5 
5 
10 
85 
96 
56 
52 
96 
48 
19 
64 
14 
94 
19 
64 
85 
79 
72 
5 
21 
69 
90 
26 
55 
69 
56 
21 
57 
20 
9 
86 
64 
86 
35 
39 
36 
44 
5 
43 
24 
42 
76 
33 
1 
79 
24 
37 
52 
94 
19 
34 
26 
5 
52 
28 
5 
37 
1 
21 
59 
68 
76 
90 
81 
71 
67 
79 
97 
6 
13 
40 
55 
22 
37 
26 
70 
90 
93 
78 
69 
2 
95 
98 
7 
14 
28 
94 
27 
7 
14 
17 
37 
10 
55 
40 
55 
13 
21 
71 
23 
80 
17 
34 
24 
47 
85 
1 
9 
62 
88 
96 
94 
81 
45 
43 
39 
51 
98 
78 
32 
13 
54 
49 
33 
5 
12 
38 
1 
21 
70 
12 
69 
18 
38 
91 
77 
63 
95 
25 
81 
86 
39 
59 
48 
8 
13 
76 
34 
79 
6 
22 
53 
92 
53 
1 
83 
31 
23 
47 
81 
100 
29 
57 
56 
17 
29 
42 
47 
15 
55 
58 
91 
82 
81 
82 
64 
76 
51 
3 
76 
5 
19 
92 
9 
35 
46 
38 
90 
8 
13 
17 
56 
80 
4 
60 
92 
76 
87 
16 
38 
28 
8 
95 
37 
72 
93 
67 
89 
97 
85 
5 
87 
82 
17 
28 
67 
35 
64 
55 
53 
68 
45 
1 
63 
100 
10 
78 
79 
45 
94 
13 
78 
0 
33 
88 
24 
83 
82 
80 
13 
27 
84 
31 
54 
97 
69 
44 
94 
49 
15 
100 
65 
58 
51 
12 
87 
53 
100 
96 
63 
27 
77 
47 
43 
38 
100 
73 
40 
1 
72 
24 
34 
88 
39 
25 
93 
50 
25 
93 
86 
92 
12 
67 
26 
50 
24 
5 
25 
95 
36 
64 
68 
8 
16 
22 
65 
12 
37 
92 
47 
46 
25 
13 
71 
61 
94 
31 
13 
1 
82 
59 
78 
38 
97 
92 
68 
4 
51 
66 
42 
9 
83 
20 
30 
95 
72 
85 
55 
86 
60 
80 
85 
72 
45 
31 
15 
55 
85 
50 
90 
50 
46 
56 
4 
67 
50 
13 
88 
41 
82 
25 
69 
86 
43 
68 
92 
61 
72 
83 
89 
5 
42 
34 
0 
37 
43 
2 
69 
8 
90 
4 
45 
31 
82 
75 
18 
14 
29 
55 
100 
70 
77 
47 
2 
92 
55 
32 
57 
52 
18 
95 
91 
40 
13 
24 
87 
5 
87 
4 
43 
68 
16 
49 
77 
62 
25 
2 
20 
51 
48 
94 
54 
11 
5 
0 
45 
40 
98 
12 
66 
46 
50 
89 
86 
73 
23 
64 
15 
75 
6 
12 
15 
24 
75 
87 
26 
23 
34 
53 
31 
6 
20 
35 
65 
32 
55 
1 
49 
89 
40 
85 
41 
29 
45 
80 
48 
38 
35 
100 
43 
98 
22 
95 
35 
76 
75 
12 
36 
37 
74 
47 
51 
88 
92 
37 
85 
10 
95 
82 
62 
49 
36 
78 
18 
52 
97 
78 
48 
53 
11 
26 
56 
24 
38 
1 
10 
43 
88 
31 
21 
36 
59 
8 
38 
44 
58 
7 
97 
98 
82 
87 
8 
19 
45 
37 
24 
52 
49 
40 
6 
12 
70 
17 
16 
66 
21 
91 
10 
81 
73 
42 
10 
41 
5 
20 
25 
39 
77 
63 
6 
90 
61 
87 
83 
23 
64 
13 
72 
17 
79 
61 
15 
12 
86 
2 
10 
5 
35 
45 
58 
4 
23 
13 
82 
66 
71 
17 
67 
69 
94 
6 
62 
17 
39 
38 
52 
82 
40 
51 
63 
78 
20 
39 
4 
59 
68 
50 
73 
90 
87 
31 
90 
84 
21 
5 
0 
63 
94 
93 
68 
83 
32 
96 
55 
74 
65 
95 
85 
64 
85 
10 
28 
11 
17 
79 
82 
92 
34 
85 
82 
69 
71 
88 
15 
27 
18 
3 
14 
79 
82 
0 
62 
67 
37 
27 
13 
63 
58 
79 
66 
60 
41 
92 
73 
78 
24 
68 
9 
86 
24 
76 
96 
18 
27 
33 
6 
80 
47 
65 
81 
57 
37 
45 
22 
58 
69 
100 
81 
15 
89 
88 
1 
50 
33 
97 
2 
85 
96 
100 
56 
38 
21 
58 
94 
100 
57 
12 
99 
8 
47 
100 
3 
42 
81 
11 
75 
61 
7 
83 
66 
7 
50 
79 
30 
18 
70 
49 
70 
48 
58 
97 
0 
39 
4 
98 
98 
43 
40 
58 
0 
89 
17 
4 
52 
9 
41 
44 
65 
76 
12 
92 
59 
5 
77 
53 
62 
74 
60 
34 
54 
14 
14 
64 
83 
30 
66 
95 
3 
54 
40 
56 
64 
51 
2 
89 
18 
75 
97 
97 
61 
29 
19 
28 
31 
9 
89 
69 
81 
69 
44 
69 
27 
80 
53 
2 
79 
58 
85 
30 
18 
34 
77 
42 
65 
25 
51 
14 
11 
88 
79 
76 
83 
39 
44 
27 
31 
17 
90 
53 
17 
58 
59 
6 
6 
91 
25 
79 
4 
100 
17 
37 
88 
33 
84 
59 
95 
18 
63 
41 
83 
86 
61 
71 
46 
34 
98 
33 
99 
34 
42 
20 
6 
46 
34 
16 
18 
29 
74 
59 
78 
45 
15 
46 
24 
76 
60 
49 
18 
82 
80 
4 
19 
83 
27 
6 
16 
54 
53 
64 
74 
44 
35 
48 
26 
100 
84 
79 
99 
76 
41 
30 
26 
66 
31 
86 
93 
53 
73 
40 
69 
61 
32 
78 
10 
56 
44 
73 
75 
24 
87 
74 
67 
74 
42 
76 
81 
4 
35 
90 
92 
73 
52 
74 
25 
36 
35 
0 
49 
31 
34 
34 
56 
32 
45 
41 
54 
43 
58 
88 
63 
92 
57 
74 
74 
48 
12 
70 
95 
88 
13 
2 
83 
34 
27 
52 
70 
85 
28 
22 
40 
22 
65 
83 
90 
6 
63 
27 
25 
76 
17 
3 
76 
65 
76 
50 
54 
12 
60 
18 
29 
61 
50 
100 
71 
97 
84 
46 
78 
65 
92 
18 
59 
80 
38 
80 
86 
37 
61 
55 
31 
98 
72 
52 
48 
20 
69 
82 
72 
62 
25 
94 
56 
99 
42 
28 
25 
42 
71 
34 
56 
45 
0 
15 
21 
92 
34 
36 
65 
29 
66 
2 
6 
45 
60 
74 
33 
72 
26 
13 
69 
87 
30 
93 
100 
14 
32 
20 
17 
66 
97 
0 
19 
98 
73 
29 
29 
89 
84 
46 
91 
33 
65 
17 
68 
51 
3 
97 
75 
67 
19 
74 
93 
76 
63 
3 
100 
61 
70 
97 
79 
22 
30 
91 
28 
94 
39 
22 
28 
98 
36 
22 
42 
17 
99 
78 
6 
83 
35 
71 
47 
79 
73 
64 
56 
82 
61 
83 
96 
94 
91 
79 
75 
73 
17 
86 
41 
33 
82 
84 
19 
43 
39 
88 
15 
34 
80 
3 
18 
31 
88 
29 
1 
61 
55 
31 
12 
32 
97 
56 
81 
42 
97 
56 
43 
52 
70 
32 
4 
12 
99 
4 
95 
1 
98 
21 
43 
47 
76 
67 
94 
6 
6 
5 
20 
1 
75 
97 
79 
86 
79 
48 
89 
66 
31 
13 
23 
32 
82 
24 
78 
98 
93 
37 
6 
59 
34 
1 
41 
33 
17 
66 
90 
13 
47 
35 
41 
4 
80 
88 
44 
57 
86 
62 
87 
4 
61 
50 
15 
86 
81 
45 
62 
31 
68 
25 
67 
100 
49 
2 
33 
69 
79 
72 
42 
95 
16 
68 
77 
59 
55 
74 
26 
24 
98 
30 
7 
61 
57 
12 
85 
77 
49 
59 
51 
34 
94 
99 
5 
25 
24 
31 
36 
14 
59 
28 
9 
37 
84 
21 
10 
34 
59 
60 
28 
15 
11 
50 
96 
80 
82 
11 
89 
26 
3 
78 
80 
59 
78 
11 
0 
55 
31 
80 
20 
90 
91 
69 
55 
32 
81 
43 
15 
0 
18 
83 
15 
51 
92 
93 
63 
94 
13 
96 
100 
30 
26 
29 
70 
63 
59 
97 
23 
41 
17 
97 
100 
12 
12 
2 
91 
86 
72 
77 
98 
88 
78 
95 
25 
15 
75 
46 
35 
26 
71 
92 
95 
61 
2 
11 
76 
7 
29 
80 
25 
37 
48 
95 
66 
43 
85 
13 
54 
72 
86 
37 
83 
70 
58 
40 
32 
82 
93 
14 
58 
5 
92 
42 
92 
30 
91 
1 
21 
95 
14 
68 
39 
34 
0 
19 
26 
16 
23 
97 
38 
81 
46 
41 
18 
46 
47 
14 
46 
13 
81 
54 
42 
44 
51 
14 
48 
6 
64 
9 
42 
56 
79 
72 
51 
63 
8 
90 
79 
61 
30 
57 
40 
55 
23 
82 
80 
80 
66 
26 
93 
77 
87 
7 
89 
64 
51 
46 
13 
41 
14 
40 
71 
70 
77 
71 
46 
81 
67 
65 
0 
33 
49 
63 
54 
79 
23 
44 
28 
77 
69 
94 
59 
89 
67 
29 
55 
81 
23 
45 
40 
38 
21 
4 
76 
54 
2 
69 
10 
31 
22 
3 
86 
50 
58 
66 
68 
58 
98 
36 
58 
43 
81 
31 
98 
91 
43 
15 
40 
75 
45 
40 
51 
2 
91 
6 
49 
62 
42 
14 
85 
6 
86 
71 
46 
42 
23 
35 
67 
10 
75 
75 
48 
65 
78 
19 
94 
23 
21 
100 
85 
17 
87 
67 
37 
74 
48 
14 
51 
33 
35 
99 
59 
5 
7 
31 
15 
33 
8 
11 
91 
90 
3 
80 
26 
4 
90 
58 
100 
21 
55 
97 
35 
35 
74 
59 
34 
51 
60 
47 
4 
64 
78 
39 
78 
67 
32 
15 
61 
93 
98 
18 
49 
49 
95 
96 
7 
90 
17 
45 
26 
6 
19 
64 
19 
96 
7 
65 
34 
50 
93 
77 
28 
87 
33 
33 
74 
80 
36 
35 
46 
82 
6 
45 
89 
9 
11 
41 
89 
96 
16 
30 
12 
50 
84 
20 
98 
7 
40 
32 
75 
96 
40 
80 
58 
32 
64 
57 
47 
83 
17 
52 
46 
61 
88 
70 
63 
37 
96 
10 
29 
32 
93 
60 
77 
5 
14 
61 
45 
41 
54 
76 
62 
84 
4 
69 
67 
76 
10 
92 
82 
98 
90 
51 
62 
64 
83 
3 
1 
41 
78 
78 
15 
46 
39 
17 
31 
92 
95 
79 
13 
41 
68 
28 
85 
70 
62 
51 
63 
44 
37 
21 
84 
39 
99 
49 
76 
25 
11 
31 
54 
99 
3 
81 
43 
16 
75 
5 
45 
56 
36 
28 
62 
56 
82 
97 
1 
56 
87 
74 
89 
34 
44 
14 
34 
84 
32 
93 
70 
4 
27 
79 
18 
1 
60 
18 
56 
61 
67 
90 
13 
15 
38 
17 
36 
5 
29 
24 
16 
54 
28 
9 
37 
25 
39 
54 
10 
90 
33 
86 
89 
69 
35 
87 
31 
37 
88 
10 
90 
19 
28 
43 
85 
50 
55 
48 
42 
46 
27 
82 
91 
100 
83 
28 
64 
55 
8 
62 
77 
82 
48 
83 
57 
31 
68 
94 
84 
99 
83 
14 
56 
4 
2 
76 
80 
50 
38 
84 
13 
90 
39 
60 
4 
89 
15 
81 
24 
46 
36 
11 
59 
60 
57 
15 
59 
21 
57 
63 
50 
79 
42 
29 
58 
25 
69 
27 
81 
15 
83 
41 
24 
7 
9 
12 
69 
9 
63 
84 
60 
45 
61 
35 
69 
19 
45 
88 
92 
67 
65 
35 
0 
60 
28 
19 
18 
20 
66 
60 
87 
93 
43 
16 
40 
22 
50 
64 
48 
34 
71 
17 
77 
50 
15 
54 
23 
93 
4 
15 
23 
70 
35 
90 
3 
93 
70 
5 
58 
20 
11 
26 
100 
74 
56 
82 
91 
60 
53 
96 
59 
98 
34 
21 
5 
70 
64 
31 
17 
61 
2 
7 
3 
53 
37 
33 
83 
40 
70 
65 
34 
20 
51 
44 
57 
61 
4 
74 
57 
82 
11 
24 
13 
96 
41 
21 
39 
6 
10 
12 
95 
97 
98 
97 
80 
35 
63 
51 
42 
34 
89 
40 
70 
45 
92 
8 
29 
6 
94 
32 
99 
1 
80 
96 
96 
46 
40 
93 
17 
67 
85 
7 
85 
87 
31 
98 
16 
31 
11 
75 
2 
77 
3 
18 
83 
48 
94 
19 
49 
35 
63 
56 
9 
19 
72 
78 
74 
74 
86 
18 
37 
25 
56 
92 
68 
82 
90 
13 
44 
85 
16 
31 
39 
40 
81 
12 
98 
100 
94 
6 
46 
77 
100 
80 
60 
51 
18 
36 
56 
45 
6 
29 
81 
31 
12 
51 
24 
10 
50 
8 
45 
98 
4 
46 
44 
40 
81 
61 
45 
31 
70 
24 
88 
43 
67 
80 
5 
19 
3 
33 
100 
63 
19 
72 
24 
43 
45 
13 
28 
39 
33 
57 
0 
88 
68 
65 
7 
62 
14 
58 
48 
68 
46 
43 
24 
22 
52 
53 
97 
32 
25 
91 
36 
95 
59 
7 
63 
43 
4 
67 
69 
75 
25 
26 
22 
88 
22 
92 
76 
51 
80 
86 
17 
54 
30 
19 
45 
42 
11 
85 
22 
54 
76 
55 
26 
92 
48 
40 
12 
77 
91 
86 
16 
17 
39 
19 
11 
27 
26 
41 
86 
100 
86 
93 
8 
94 
38 
25 
69 
67 
40 
36 
58 
36 
36 
35 
68 
70 
76 
40 
9 
22 
22 
35 
58 
4 
1 
56 
100 
47 
36 
100 
16 
28 
92 
11 
26 
50 
21 
91 
80 
84 
68 
74 
43 
40 
16 
18 
47 
37 
62 
48 
34 
99 
20 
73 
53 
30 
42 
86 
3 
76 
83 
7 
3 
30 
22 
53 
34 
81 
72 
31 
50 
27 
81 
53 
44 
34 
33 
36 
35 
48 
18 
33 
26 
18 
47 
24 
57 
68 
76 
49 
17 
49 
61 
77 
88 
32 
99 
50 
31 
25 
5 
3 
25 
39 
61 
4 
96 
69 
26 
49 
13 
98 
16 
14 
12 
67 
76 
97 
90 
20 
63 
76 
24 
9 
59 
80 
74 
25 
83 
8 
51 
97 
41 
44 
70 
91 
41 
35 
83 
17 
21 
76 
9 
29 
24 
38 
64 
81 
57 
56 
78 
81 
24 
23 
18 
87 
61 
54 
64 
4 
46 
25 
63 
80 
43 
88 
24 
46 
28 
12 
91 
64 
17 
88 
54 
70 
43 
56 
51 
49 
6 
35 
54 
49 
81 
81 
49 
92 
33 
38 
37 
49 
87 
48 
86 
73 
6 
83 
17 
96 
14 
11 
79 
12 
31 
15 
100 
22 
92 
61 
94 
3 
45 
84 
22 
42 
45 
47 
31 
53 
1 
30 
13 
7 
98 
29 
36 
33 
35 
15 
61 
52 
97 
77 
46 
77 
11 
67 
20 
50 
47 
37 
89 
98 
88 
54 
74 
35 
31 
87 
28 
16 
55 
60 
58 
45 
11 
66 
86 
26 
44 
78 
80 
60 
15 
41 
94 
41 
22 
86 
24 
36 
5 
39 
89 
83 
95 
79 
76 
62 
85 
31 
42 
79 
17 
80 
59 
6 
5 
2 
86 
43 
78 
59 
3 
88 
82 
93 
96 
91 
23 
17 
50 
22 
33 
1 
83 
80 
10 
13 
99 
91 
27 
0 
65 
50 
97 
31 
9 
80 
73 
83 
77 
83 
20 
77 
65 
18 
32 
64 
47 
72 
34 
51 
69 
36 
43 
63 
63 
20 
60 
35 
100 
76 
90 
19 
85 
76 
68 
26 
63 
17 
20 
33 
31 
48 
10 
11 
58 
20 
77 
62 
1 
12 
95 
98 
89 
38 
13 
37 
41 
61 
97 
99 
29 
36 
4 
82 
44 
56 
18 
65 
46 
61 
23 
54 
57 
83 
99 
43 
81 
100 
80 
13 
75 
27 
97 
85 
51 
6 
46 
92 
63 
27 
32 
70 
79 
7 
93 
82 
90 
98 
42 
21 
20 
77 
19 
50 
93 
21 
78 
70 
81 
57 
54 
92 
32 
40 
85 
90 
98 
96 
93 
97 
86 
48 
15 
43 
40 
92 
70 
81 
66 
43 
39 
21 
93 
43 
63 
69 
59 
57 
91 
56 
86 
16 
39 
89 
6 
87 
90 
56 
30 
73 
28 
54 
32 
95 
62 
63 
82 
99 
78 
88 
40 
27 
1 
10 
36 
93 
1 
42 
19 
83 
100 
87 
75 
7 
42 
23 
79 
16 
12 
23 
71 
25 
54 
57 
55 
74 
99 
100 
97 
46 
86 
4 
86 
40 
35 
61 
33 
15 
10 
7 
83 
86 
83 
61 
84 
33 
85 
100 
62 
7 
58 
32 
38 
53 
90 
87 
98 
52 
77 
84 
56 
56 
40 
32 
79 
75 
15 
75 
63 
66 
83 
48 
44 
45 
87 
36 
38 
65 
91 
15 
64 
16 
30 
57 
94 
69 
80 
18 
56 
64 
39 
17 
43 
90 
65 
23 
89 
2 
28 
13 
95 
23 
24 
69 
36 
31 
37 
12 
15 
55 
84 
46 
5 
99 
86 
4 
78 
7 
76 
73 
79 
49 
71 
9 
22 
11 
53 
90 
77 
20 
38 
5 
3 
55 
79 
73 
100 
13 
2 
18 
92 
65 
87 
57 
56 
8 
12 
84 
3 
11 
74 
43 
53 
53 
55 
45 
7 
77 
67 
11 
82 
60 
30 
51 
24 
96 
99 
66 
6 
65 
23 
3 
35 
87 
78 
99 
50 
41 
69 
27 
60 
30 
75 
47 
25 
31 
97 
12 
49 
35 
3 
80 
57 
45 
19 
38 
24 
62 
8 
14 
56 
65 
82 
58 
100 
33 
38 
13 
9 
84 
49 
36 
62 
29 
46 
7 
37 
80 
61 
25 
3 
29 
93 
10 
11 
87 
47 
42 
9 
85 
37 
1 
53 
4 
54 
89 
80 
20 
8 
93 
42 
6 
61 
7 
57 
29 
7 
90 
12 
62 
84 
47 
88 
81 
32 
7 
19 
3 
40 
41 
48 
84 
33 
25 
46 
86 
75 
51 
67 
72 
82 
74 
82 
42 
60 
57 
30 
79 
10 
55 
44 
10 
42 
53 
25 
7 
64 
24 
85 
46 
70 
59 
55 
16 
81 
79 
81 
7 
25 
86 
69 
63 
33 
25 
77 
96 
1 
15 
27 
82 
7 
94 
93 
19 
24 
34 
33 
7 
61 
84 
58 
100 
69 
1 
93 
14 
38 
24 
13 
4 
7 
70 
43 
93 
5 
19 
94 
11 
85 
48 
2 
28 
5 
65 
39 
74 
70 
36 
97 
10 
59 
75 
69 
16 
45 
72 
10 
62 
43 
40 
69 
95 
63 
84 
88 
75 
64 
34 
62 
32 
78 
89 
68 
93 
12 
94 
44 
25 
84 
61 
13 
25 
73 
1 
34 
45 
58 
18 
33 
15 
45 
28 
63 
51 
11 
15 
48 
41 
88 
71 
33 
48 
43 
12 
48 
32 
13 
73 
19 
72 
94 
28 
18 
95 
95 
89 
87 
100 
44 
22 
29 
40 
18 
8 
27 
17 
44 
31 
11 
36 
20 
24 
18 
89 
76 
86 
86 
44 
23 
74 
22 
78 
14 
69 
34 
63 
53 
55 
41 
71 
32 
40 
76 
46 
93 
9 
46 
44 
54 
12 
89 
22 
16 
25 
25 
37 
64 
20 
50 
33 
8 
3 
74 
7 
63 
16 
84 
73 
8 
47 
87 
77 
27 
56 
21 
81 
89 
4 
77 
49 
29 
36 
4 
35 
98 
37 
93 
29 
20 
1 
51 
85 
87 
63 
99 
35 
49 
2 
78 
12 
51 
73 
100 
1 
41 
11 
25 
2 
79 
31 
42 
65 
52 
2 
28 
53 
56 
25 
82 
79 
52 
24 
70 
93 
8 
16 
67 
83 
52 
82 
70 
27 
58 
85 
92 
74 
0 
50 
26 
91 
68 
66 
96 
38 
29 
49 
6 
86 
46 
63 
68 
13 
10 
71 
98 
70 
84 
25 
58 
81 
61 
56 
27 
5 
83 
68 
66 
25 
23 
70 
16 
22 
68 
46 
23 
35 
46 
38 
44 
52 
4 
60 
92 
97 
2 
21 
94 
61 
57 
9 
80 
45 
5 
57 
70 
20 
40 
70 
38 
67 
87 
56 
58 
39 
92 
2 
53 
22 
76 
70 
48 
90 
3 
83 
53 
21 
72 
69 
69 
22 
50 
94 
73 
62 
89 
5 
0 
59 
0 
73 
26 
65 
24 
41 
94 
90 
99 
59 
10 
36 
7 
21 
1 
21 
22 
52 
7 
99 
23 
61 
60 
76 
49 
65 
54 
27 
37 
55 
79 
55 
41 
88 
22 
72 
76 
96 
90 
46 
91 
92 
32 
33 
78 
25 
70 
8 
17 
46 
63 
70 
26 
49 
97 
31 
82 
37 
15 
100 
36 
8 
15 
3 
23 
76 
8 
15 
0 
14 
25 
86 
14 
19 
86 
63 
24 
83 
